   8.1610034e+00
   1.4562705e+01
   5.5593603e-01
   1.6257621e+01
   6.6653923e+00
   8.2438894e+00
   2.6276951e-01
   8.6960877e+00
   7.7045027e-02
   6.2126038e+01
   1.0586705e+01
   9.0151050e+00
   1.1168354e+01
   3.1791892e+00
   2.6516578e+00
   2.0904187e+01
   5.8019810e+00
   2.7970298e-03
   9.8235428e-01
   6.3550714e+00
   4.8870862e-03
   1.0844840e+01
   2.8011690e+00
   1.1766538e+01
   6.0363697e+00
   1.7403246e+00
   9.7840343e-02
   1.3952617e+01
   1.3819301e-03
   7.6035802e+00
   7.5094455e-01
   3.6630277e+00
   7.3513498e-01
   2.3653592e+01
   1.1463524e+01
   4.0914309e+00
   1.4657225e+01
   6.0603933e-01
   8.9291226e-01
   3.9655931e+00
   9.9516485e+01
   1.3986021e+00
   1.0357070e+00
   8.7160222e-01
   1.9895033e+00
   4.6665665e+00
   4.6046534e-01
   6.1429476e-01
   1.9194557e-01
   1.9929042e+01
   2.0232067e+01
   3.4688025e+01
   2.1360754e+01
   2.5877501e-01
   3.2747503e-01
   9.3534908e+00
   9.5502726e-04
   3.4362958e+00
   4.4543598e+01
   1.3641317e+01
   2.7690840e+01
   6.5204974e+00
   9.3358900e-01
   1.3597157e-01
   1.3695778e+01
   2.0651017e+01
   1.9273447e-01
   3.6704513e+00
   1.6604820e-01
   2.3088961e-01
   2.3753009e+00
   3.5391593e+00
   1.2295509e+01
   3.3059218e-01
   1.5653054e+01
   2.8820694e-01
   1.9381689e+01
   1.4098380e+00
   3.5738920e+00
   2.3623290e+00
   9.5917026e+00
   3.0918459e+01
   1.8890602e+00
   2.7841943e+00
   3.1822917e+00
   1.3912092e+00
   1.7984012e-01
   1.2119216e+01
   6.2793408e-03
   2.2685714e-01
   2.3068470e+00
   4.2319942e+00
   4.5716433e-01
   2.3042378e-01
   1.5476550e-01
   9.0967668e+00
   1.7326155e+00
   1.5873569e+01
   1.2516890e+00
   3.0720890e+00
   1.5492563e+01
   5.0751786e+00
   1.5888754e+00
   7.9422989e+00
   1.6064799e+00
   1.5053988e+01
   1.9341185e+00
   4.7041890e+00
   6.3616681e-02
   1.0355321e-01
   1.4570256e+00
   8.6122938e+01
   9.6650482e-01
   7.6681041e+01
   1.3340694e-01
   3.7119136e+00
   1.3010005e+00
   1.4961578e+01
   5.6889388e+01
   6.6704296e+00
   9.3221523e-02
   3.1840763e-02
   5.9827477e-01
   4.1230780e+00
   4.6322455e-01
   3.5486209e-01
   4.7967836e-02
   1.5679189e+01
   2.3827103e+00
   7.5338849e+00
   3.1489070e+00
   5.4234250e+00
   3.4821448e-01
   3.5438071e+00
   1.0971059e+00
   6.5816230e+00
   7.8474667e-01
   4.3305611e+00
   2.5013357e+00
   1.8292920e-01
   2.9050573e-02
   1.4712566e+00
   4.1500927e+01
   1.5824954e+01
   7.8450106e+00
   3.4739775e-01
   3.1550909e+00
   1.0571577e+01
   2.0007658e+01
   2.9022018e-07
   9.0783875e+00
   9.9922790e+00
   3.3795268e+01
   1.3450458e+01
   3.6030462e-01
   1.5882798e-01
   7.8162903e-01
   1.5644632e+00
   2.2703186e-01
   1.2796478e+00
   8.1650117e+00
   4.3435474e+00
   1.3554094e-01
   5.2243627e-01
   8.2888027e+00
   1.1895331e-01
   1.7635466e+01
   1.2522429e+00
   8.9712324e-02
   1.5699461e+01
   2.8447136e+01
   1.1304110e+00
   2.4202161e+00
   6.0249050e+00
   9.7144070e-02
   7.7747792e-02
   6.8042914e-03
   6.8141704e-02
   1.7624245e+01
   2.5760574e-01
   9.9464991e-05
   7.7370641e-01
   3.4157512e+00
   5.2269656e-01
   5.0610710e-02
   1.2224915e-02
   2.6806187e+00
   4.5753086e-01
   9.2716506e+00
   4.3985721e-01
   4.8168844e+01
   1.3252253e+00
   1.0123912e+02
   3.0195988e-02
   4.4505000e-01
   7.6810734e+00
   2.2015392e+01
   2.7427363e+01
   1.6790753e+01
   1.3559212e+00
   3.3768499e+01
   3.7674821e+00
   1.5183889e+00
   7.5922448e-01
   1.5341646e+00
   3.0476456e+01
   3.4184242e+00
   2.5733000e+01
   1.8428506e+00
   5.6659726e-02
   1.2948185e+00
   9.2018677e+00
   2.4963073e+00
   1.3499897e+01
   9.3018770e-02
   3.6093453e-03
   2.8090073e+00
   1.2284950e+01
   4.0724687e+00
   3.1350773e+00
   1.0157501e+01
   3.3308412e-02
   1.2071959e+00
   1.2817754e+01
   1.1958419e-03
   6.3128259e-01
   1.8756029e+01
   4.1276540e+01
   7.0872131e-04
   2.1435611e+00
   1.1332833e+01
   6.4128969e-01
   5.5611793e-01
   3.1587437e+01
   1.7420424e+00
   1.0352961e+00
   2.1588177e-01
   1.6488926e+01
   1.1551900e+01
   9.0241650e+00
   1.0253675e-01
   1.9639965e-01
   4.1749000e-02
   5.7524381e+00
   1.1081972e+01
   1.9746104e+01
   8.4799369e+00
   7.7651643e-02
   4.0463994e+00
   4.2164244e-01
   4.2969401e-02
   2.3515143e-02
   3.8638399e-02
   3.2143547e+00
   7.6658949e-02
   2.0077579e+00
   5.0134285e+01
   1.8552536e+01
   6.9888112e-01
   4.0733240e+00
   3.4850790e+00
   8.1051874e+00
   1.3433189e+01
   6.6002658e+01
   9.9975152e-01
   4.0018663e+00
   1.6685128e-01
   4.7550221e+01
   4.4963445e+00
   8.8908687e-01
   9.7902109e-01
   1.1418194e+01
   6.6943116e-04
   3.2082304e+01
   1.4609202e-01
   1.2218901e-03
   2.2514296e+00
   2.1010355e+00
   2.2641151e+00
   7.6398344e-01
   1.8714374e+00
   1.8274167e-02
   5.0180069e+00
   9.1100371e-01
   2.7589439e-01
   2.5579695e+00
   1.8756060e-01
   3.6177434e+00
   1.9907831e+01
   4.6248715e+01
   1.0559353e+00
   1.2356929e+01
   1.7754135e+00
   2.2726224e+01
   3.3344927e+00
   1.4969503e+00
   1.5143478e+01
   1.7184980e+01
   5.4270469e+00
   4.3490912e+01
   1.0507218e-02
   3.0110213e+01
   9.4561590e+00
   2.5963161e+01
   5.3774379e+00
   1.2763918e+00
   5.3069610e+00
   7.1685564e+00
   1.7005666e+01
   1.6522081e+01
   9.6870421e+00
   2.6920090e+00
   7.7500793e+00
   4.6572912e+00
   1.7708986e+01
   7.2415575e+00
   1.5905683e+00
   2.4566721e-01
   4.3900844e-01
   4.7992833e-02
   9.4123611e-01
   3.1151445e-01
   2.7755241e+01
   3.1537031e+00
   3.0696762e+00
   2.7387206e+00
   4.5359113e+01
   1.4388218e-01
   2.5147111e-01
   2.7788899e+01
   1.2953845e+00
   1.3935125e+01
   8.2369923e-02
   6.4306446e-01
   1.0653532e+00
   5.0165042e+00
   9.8422489e-02
   1.6391845e+00
   1.3754108e+01
   5.1960862e+01
   2.0833272e-01
   1.7825116e-01
   3.4077413e-02
   5.5350834e+00
   1.3476329e+00
   1.4546679e-01
   7.1477448e+01
   5.0519917e+00
   1.0949604e-01
   7.6392320e+00
   1.8568924e-01
   2.8858454e+00
   3.9988154e+00
   1.4611694e+01
   4.9069545e+00
   1.5696924e-04
   7.9559935e+00
   7.5305497e+01
   9.5982877e+00
   2.3254729e+01
   1.4320684e-01
   7.1499436e+01
   5.1300002e+00
   1.9385825e+01
   1.9710271e-03
   3.0966753e+01
   1.1063240e+00
   5.8411925e+00
   2.5099116e+00
   5.4479366e+01
   3.2291924e-01
   8.7959795e+00
   7.6476071e+00
   3.9620172e+00
   3.2441329e+01
   4.0884684e-02
   8.2449750e-01
   6.4150128e+00
   8.6023982e-01
   6.1228806e-01
   6.2722176e-02
   9.6179410e+00
   1.8322425e+00
   2.0487369e-02
   4.1550642e+00
   1.2403235e+01
   5.0217302e+00
   3.0309134e+00
   8.9514387e+00
   4.0770231e+00
   1.4058031e-03
   1.3057026e-01
   1.2869165e+00
   2.1015139e-01
   1.1552016e-01
   7.8591290e-01
   2.6123838e+01
   5.4751978e-02
   2.7735110e+00
   5.0357126e-01
   1.2062676e+01
   9.8469611e-01
   1.0727815e+01
   1.5099047e+01
   4.3101233e+01
   1.2393582e+00
   4.6862892e-01
   1.2485263e+00
   1.1585338e-01
   1.0932634e+00
   5.3407320e+00
   2.6793953e-01
   2.5129863e+00
   3.1059241e+00
   7.9717180e+00
   1.7928644e+00
   5.2053578e+00
   4.7547839e+00
   2.4431505e+01
   2.4073643e+01
   1.1360222e+01
   1.6899692e-01
   1.6989204e+00
   7.6225206e-01
   4.8590493e-01
   3.5766809e+00
   2.7308611e-01
   1.9889269e+01
   1.1002616e-01
   1.4898012e+01
   3.9238413e-01
   1.4898245e+02
   4.2289366e+01
   3.2451139e+00
   3.2103971e+01
   1.8914606e+00
   2.5505468e-01
   1.9016782e-02
   9.2572734e-02
   7.9243859e-03
   1.1888106e+00
   5.4909394e-01
   4.0537202e+00
   5.0379337e+00
   5.5720335e-01
   2.0043326e+00
   6.9699313e-01
   4.5366442e+00
   2.9939201e-02
   2.2673142e+00
   4.1404874e+00
   2.5295365e+01
   1.3167174e+00
   1.1179951e-01
   1.7426810e-01
   7.9610957e-01
   3.0597880e-01
   3.6224580e+00
   2.6076090e+00
   4.9305166e+00
   4.3447295e+00
   1.8693904e+00
   1.8639816e+00
   1.9479703e-02
   8.0791975e-05
   3.7011127e+00
   1.6118157e+01
   2.2677359e+01
   4.5908282e+01
   2.8132211e-04
   1.6363332e-02
   7.5913447e-01
   4.3015026e-01
   2.2435108e+00
   1.9661571e+00
   7.5135894e+00
   4.5240633e+00
   4.7329883e+00
   3.1054522e-02
   2.2358295e+00
   2.5470098e+00
   1.8383526e-02
   1.2495581e+01
   1.2446675e+01
   2.2359195e+01
   3.0082264e-01
   1.0554187e+00
   6.8279055e-01
   2.7258461e-01
   8.5303993e+00
   3.2672967e+00
   9.4068016e+00
   5.3573027e+00
   6.7140389e-01
   7.8908110e+00
   4.8112858e+00
   9.2737523e+00
   6.0546528e-01
   1.7878975e+00
   4.5243110e+00
   2.2853845e+01
   1.0501988e+01
   1.2623872e+01
   1.8623226e+00
   7.2195958e+00
   3.7066402e+00
   2.1441737e+00
   5.7112484e-01
   3.7454123e+01
   1.4259087e+00
   1.2829132e+00
